23.618499981239438
12.354299949947745
13.803199981339276
13.23670003330335
16.099400003440678
17.19089999096468
14.831800013780594
12.055099999997765
23.815900029148906
23.91180000267923
26.090400002431124
34.01359997224063
24.227399961091578
23.414099996443838
26.18899999652058
19.868600007612258
18.836300005204976
20.09359997464344
14.477299991995096
16.126500035170466
15.341599995736033
11.219799984246492
32.734000007621944
20.915100001730025
12.742199993226677
18.839000025764108
18.556300026830286
21.054100012406707
21.081099985167384
24.499099992681295
